GRT_LABELLED_CLASSIFICATION_DATA_FILE_V1.0
DatasetName: NOT_SET
InfoText: 
NumDimensions: 7
TotalNumExamples: 203
NumberOfClasses: 10
ClassIDsAndCounters: 
1	21	MAIN_FERMEE
2	15	CINQ
3	32	UN
4	27	DEUX
5	19	TROIS
6	17	QUATRE
7	31	B
8	18	A
9	12	C
10	11	D
UseExternalRanges: 0
Data:
1	1631	42	52	18.3848	3	13	10
2	3641	85	101	18.6058	4	9	26
1	1815.5	48	58	19.799	2	0	0
1	1743.5	45	57	19.105	3	0	0
1	1850.5	59	53	18.4391	2	0	0
1	1735.5	47	54	19.2354	3	0	0
1	1675.5	45	55	18.0278	2	0	0
1	1850.5	51	58	20	3	0	0
1	1924.5	56	53	19.2354	3	1	11
1	1729.5	46	57	18.2483	3	0	0
1	1900.5	50	59	18.4391	4	1	10
1	2171	70	57	18.868	2	0	0
1	1738.5	45	53	18	1	0	0
1	1729.5	42	58	18.6815	2	0	0
1	1972.5	48	58	19.0263	2	0	0
1	1898	43	59	19.9249	1	0	0
1	2263.5	50	62	21.9317	2	0	0
1	2486.5	54	66	23.2594	4	0	0
1	2002.5	50	58	19.2354	2	0	0
1	1616	42	52	17.6918	1	0	0
1	1667	44	54	18.4391	2	0	0
1	1786.5	53	55	18.6011	2	0	0
2	4041.5	90	105	20.025	5	4	32
2	3874.5	92	103	19.8	6	4	33
2	4106.5	86	107	20.6149	7	4	32
2	4072.5	93	104	20.2237	6	4	32
2	3990.5	94	106	20.3194	6	4	33
2	4034	89	105	20.3961	7	4	32
2	4270	93	102	21.0238	5	4	33
2	4269.5	94	103	21.3125	5	4	33
2	3830.5	77	94	20.4657	7	4	31
2	3982	71	99	19.9249	5	4	35
2	3890	87	104	18.6574	5	4	34
2	3286.5	82	100	17.0294	4	5	30
2	3037	62	95	17.0294	4	6	28
2	3353.5	81	89	17.6918	4	3	23
3	2638.5	58	89	17	4	3	21
3	2359	45	92	17.7717	4	1	15
3	2155	48	93	18.1108	4	1	16
3	2048.5	44	89	16.1555	5	1	18
3	2066	43	91	16.1245	5	1	13
3	14054.5	151	114	39.3548	5	2	38
3	1654.5	45	74	14.7635	3	2	14
3	2901	57	107	21.8983	5	2	23
3	2983	57	107	23.1523	4	1	19
3	2932	56	104	22.3607	3	1	20
3	2941.5	55	106	21.3669	4	1	16
3	2976.5	56	107	22.6716	3	1	22
3	3093	56	107	22.3446	3	1	20
3	3112	54	109	22.0227	4	1	20
3	3001	52	105	22.5534	4	1	18
3	2823	54	100	21.8403	4	1	19
3	3027.5	52	103	21.9545	5	1	19
3	3027	49	105	22.4722	5	1	18
3	2789	50	95	22	5	1	15
3	2955	50	102	21.8867	5	1	21
3	3005	57	93	22.4905	5	1	22
3	2891.5	59	91	21	4	1	21
3	134.5	23	10	4	0	0	0
3	2730.5	67	90	21.4669	6	2	21
3	2613.5	78	86	19.2094	5	1	19
3	2507.5	80	75	19.5797	4	2	17
3	2584.5	85	77	19.2094	5	1	18
3	2686.5	82	80	19.8494	5	1	19
3	2763	73	88	21.5407	3	1	17
3	2686.5	56	93	20.6155	4	1	16
3	2721.5	51	96	21.5407	5	1	15
3	2613	46	92	20.6314	4	1	17
4	2666	51	92	17.0294	3	2	31
4	2627	55	86	18.3848	4	2	30
4	2517	49	88	17.4642	4	2	15
4	2551.5	62	88	19.023	3	2	31
4	2529.5	67	97	17.8885	4	2	34
4	2243	66	86	15.8881	3	3	30
4	2442.5	48	91	17.2627	4	2	19
4	3106	67	91	18.9737	3	2	24
4	3115.5	93	80	18.6815	5	2	24
4	3140.5	72	89	19.2354	4	2	26
4	2870	55	95	19	4	3	33
4	2584	65	94	18.2538	4	3	36
4	2458	63	90	18	5	2	33
4	2314	72	79	17.6777	6	2	31
4	2511	60	88	17.737	3	2	20
4	2452	52	89	18.1108	5	2	27
4	2451.5	48	88	18.4016	5	2	21
4	2468.5	49	86	17.4642	3	2	23
4	2718.5	64	84	18.6815	4	2	26
4	3046.5	87	80	18.5653	4	2	26
4	3041.5	83	81	18.9737	3	2	27
4	2605.5	64	89	17.8045	3	2	34
4	2418.5	51	86	18.2625	6	2	23
4	2486.5	60	86	18.2483	3	2	23
4	2620	69	91	17.4642	4	3	33
4	2358.5	57	84	17.7088	5	2	29
4	2378	46	86	18.4391	4	2	17
5	2859	62	99	17.2047	5	3	30
5	2258.5	62	85	16.1245	3	4	24
5	2590	65	85	16.4924	4	3	31
5	3118.5	68	97	19.105	5	4	29
5	2839.5	63	98	19.5256	6	4	28
5	2849	70	96	17.2408	5	4	29
5	3430.5	66	96	19.1372	5	3	29
5	3005	70	97	17.8045	5	4	30
5	3284	78	93	19.2194	4	4	35
5	3739.5	43	151	17	2	1	25
5	2534	61	91	17.7795	5	4	23
5	2517	61	92	16.1555	5	3	25
5	2739	65	92	17.2047	4	3	31
5	3646	80	103	21.587	6	3	33
5	4104	97	98	20.858	4	3	34
5	3544.5	79	107	21.212	5	4	33
5	3462.5	88	96	20.6155	4	3	35
5	3629.5	93	92	21.9317	6	3	34
5	3432	70	106	20.5913	5	3	32
6	3629	69	99	20.1712	7	3	35
6	3273	83	88	19.6774	6	3	34
6	3471.5	89	87	20.5061	5	3	38
6	3790.5	70	98	20.6155	5	3	34
6	3959.5	77	104	20.2485	5	3	36
6	4067	86	96	21.7042	4	2	32
6	3969	70	100	21.2132	5	3	31
6	3586	70	102	19.6336	4	3	33
6	3362.5	71	94	20.3855	4	3	34
6	3311	76	100	20	4	3	34
6	3335	76	94	20.1246	6	3	31
6	3403.5	71	95	20.5904	5	3	33
6	3314.5	72	96	19.4165	5	3	33
6	3511.5	65	98	19.9576	5	3	34
6	3274	78	96	20.5061	5	3	33
6	3099.5	77	90	19	4	3	31
6	3153	74	98	19.571	4	3	33
7	3854.5	58	103	24.2074	2	0	0
7	3836.5	57	103	24.7487	4	0	0
7	3773	57	100	24.7588	4	0	0
7	3788	57	101	24.0832	5	0	0
7	3788	57	101	24.7487	6	0	0
7	3751	57	102	24.3311	5	0	0
7	3857	59	103	24.7487	3	0	0
7	3838.5	58	103	25	6	0	0
7	3871.5	58	103	24.9672	5	0	0
7	3834	58	103	24.7487	4	1	10
7	3850.5	60	102	24.6982	6	1	10
7	4101.5	73	100	25.0799	5	1	10
7	4055.5	71	99	25.4558	4	0	0
7	3875.5	57	102	24.947	5	0	0
7	3772	58	102	23.8537	5	0	0
7	3766.5	75	89	25.1794	6	0	0
7	3719	75	89	24.0416	5	0	0
7	3746	58	101	22.6716	7	1	10
7	3805	58	102	23.3452	3	0	0
7	3976	65	101	24.0832	5	0	0
7	4128.5	74	97	25.318	5	0	0
7	4182	74	98	25.632	5	0	0
7	3892	61	102	24.5967	5	0	0
7	3924.5	59	100	23.7697	5	0	0
7	3661.5	57	96	23.32	5	1	10
7	3698	71	92	23.5372	7	0	0
7	3714	66	94	24.1604	8	0	0
7	3914.5	56	102	23.8537	5	0	0
7	3804	59	99	24.3516	6	0	0
7	3749	60	100	24.2074	4	1	10
7	3655	62	100	23.4307	5	0	0
8	2112.5	61	58	19.6469	4	0	0
8	2135	55	60	19.4165	5	0	0
8	2104.5	56	60	20.1246	4	0	0
8	2018.5	54	58	19.4165	5	0	0
8	2019.5	57	58	20.2485	2	0	0
8	2067.5	49	62	20.5183	3	0	0
8	2035	56	63	19.6774	2	0	0
8	2011.5	53	56	19.2094	2	0	0
8	1987.5	57	57	18.3848	3	0	0
8	1903	58	54	18.4391	3	0	0
8	1994	56	56	19.4165	4	0	0
8	1907	53	55	19.2354	3	0	0
8	2016.5	55	61	19.105	2	0	0
8	2080	59	55	19.2354	4	0	0
8	1948.5	62	55	19.2354	4	0	0
8	1706	54	55	14.7648	2	1	17
8	1795.5	49	53	18.4391	3	0	0
8	1606	55	54	13	3	2	21
9	1901.5	62	76	14.8661	3	1	24
9	1832.5	63	74	14.6294	3	1	25
9	1914	65	75	14.7489	4	1	26
9	2015	64	74	15.2971	5	1	23
9	2164	62	75	17.0294	3	1	19
9	2262.5	56	86	15.9065	2	1	24
9	2139	58	83	15.8114	4	1	25
9	1930	68	70	13.3128	4	1	27
9	1969	68	73	14.8661	3	2	23
9	1934	65	75	14.1421	3	1	23
9	2267.5	61	84	16.9706	2	1	23
9	2466	70	85	16.8	3	1	24
10	2314.5	58	86	18.6935	4	1	18
10	2455.5	64	85	18.868	4	1	18
10	2248	53	84	19.4165	3	1	16
10	2224	52	78	18.9737	2	1	18
10	2138.5	52	75	19.2354	3	1	17
10	2150	54	76	19	2	1	16
10	2314	54	87	18.7883	2	1	17
10	2378	62	88	18.4391	4	1	18
10	2168.5	55	84	18.3087	4	1	18
10	2160	52	82	18.4082	2	1	17
10	44.5	15	10	2	0	0	0
