GRT_LABELLED_TIME_SERIES_CLASSIFICATION_DATA_FILE_V1.0
DatasetName: GESTURES_TRAINING_DATA
InfoText: 
NumDimensions: 6
TotalNumTrainingExamples: 9
NumberOfClasses: 3
ClassIDsAndCounters: 
1	2
2	3
3	4
UseExternalRanges: 0
LabelledTimeSeriesTrainingData:
************TIME_SERIES************
ClassID: 3
TimeSeriesLength: 107
TimeSeriesData: 
203.883	330.895	-194.406	-259.001	-348.853	-13.4532
203.368	338.094	-196.029	-258.727	-348.481	-14.1444
198.691	331.905	-194.018	-259.627	-348.226	-13.5103
201.567	341.404	-196.043	-258.833	-345.416	-18.3984
198.655	338.321	-194.438	-259.242	-346.226	-15.7621
203.05	335.654	-191.232	-260.563	-346.304	-13.9517
211.287	340.95	-188.183	-258.231	-344.268	-17.1085
222.304	355.427	-181.977	-259.031	-347.451	-16.759
237.296	359.159	-176.73	-258.421	-340.125	-21.1296
264.032	369.739	-174.44	-262.016	-343.352	-15.3936
287.146	370.637	-175.256	-262.297	-341.661	-16.2699
323.675	374.863	-169.243	-262.033	-339.011	-17.0326
353.652	366.356	-168.203	-262.689	-342.277	-15.2579
390.544	358.479	-166.903	-261.421	-339.646	-15.0031
425.338	350.498	-165.165	-263.895	-339.621	-12.2052
462.703	333.317	-170.978	-263.19	-343.373	-8.33533
503.113	313.966	-174.279	-264.187	-345.072	-4.20972
535.867	292.651	-179.352	-267.704	-346.23	-6.41858
559.823	273.133	-186.067	-268.553	-344.779	-6.46667
568.051	260.033	-190.65	-268.209	-344.766	-4.42407
560.644	254.115	-192.836	-267.688	-346.933	-4.20557
564.565	252.33	-192.244	-268.186	-345.804	-2.52637
558.242	261.625	-192.621	-268.273	-346.047	-0.843262
544.173	277.891	-192.152	-269.817	-346.595	-0.706055
533.049	297.546	-188.364	-268.279	-347.404	1.245
518.934	326.577	-187.353	-266.505	-350.084	4.03979
481.998	347.018	-184.232	-266.835	-346.359	0.539185
455.869	369.341	-180.281	-266.468	-348.155	3.13208
419.851	387.116	-177.32	-263.885	-345.841	1.76868
388.365	393.979	-180.068	-261.433	-346.814	2.05957
354.002	402.257	-180.24	-260.692	-341.478	0.0251465
323.793	400.794	-183.614	-261.414	-341.78	0.509399
282.827	393.116	-184.763	-259.734	-340.248	-1.63635
250.499	379.592	-188.964	-258.675	-340.15	-4.08337
217.615	362.147	-195.748	-261.016	-338.083	-2.56213
192.554	348.136	-202.268	-258.513	-337.993	-3.30981
166.064	313.422	-204.108	-259.662	-333.458	-8.49829
162.704	311.921	-214.813	-260.756	-333.992	-8.90881
162.603	308.494	-219.063	-257.668	-331.511	-11.7167
171.448	310.175	-216.339	-259.97	-333.329	-12.9194
192.793	322.471	-211.255	-261.131	-333.862	-13.2122
219.741	343.865	-208.274	-261.49	-338.306	-14.7207
252.814	358.748	-203.037	-263.455	-338.067	-12.0746
294.003	366.316	-198.931	-270.399	-333.314	-13.3418
338.128	379.879	-195.707	-266.002	-335.602	-8.06555
384.587	371.962	-190.808	-268.255	-338.258	-12.6196
430.669	369.296	-185.712	-269.169	-334.759	-11.9858
479.857	354.755	-180.777	-269.936	-339.304	-8.23816
525.571	330.456	-180.068	-270.091	-338.924	-8.44336
563.336	297.242	-182.973	-272.571	-333.143	-8.25964
593.035	265.223	-186.869	-270.584	-334.494	-8.44543
615.506	231.292	-193.329	-271.888	-340.363	-4.09949
626.878	203.518	-193.477	-271.342	-340.07	-4.15784
624.978	185.06	-196.268	-270.248	-341.03	-4.37463
617.192	181.996	-195.748	-270.419	-343.928	-1.06238
609.713	193.756	-197.244	-270.76	-344.874	-0.1073
594.215	221.043	-196.499	-269.786	-343.332	0.828369
576.596	246.264	-194.295	-268.021	-341.529	-1.30383
552.08	283.433	-191.62	-267.891	-340.424	-1.03479
521.231	318.428	-189.328	-269.022	-339.572	-1.49426
480.817	346.208	-184.697	-267.197	-335.909	-8.42175
428.554	363.974	-183.206	-268.405	-336.978	-4.9939
378.194	371.624	-183.385	-267.822	-337.19	-4.58057
333.059	373.176	-180.674	-267.233	-336.974	-3.57886
286.447	368.233	-183.259	-266.706	-339.361	-6.14661
244.334	356.769	-184.754	-267.391	-337.122	-3.86609
202.51	341.964	-187.579	-266.744	-333.929	-6.74829
172.953	315.115	-192.693	-265.442	-336.401	-3.47241
144.359	292.251	-196.661	-265.642	-334.727	-4.65259
143.765	285.363	-210.474	-265.707	-337.574	-2.16724
144.616	272.582	-216.126	-265.631	-334.635	-4.68591
153.663	276.697	-223.692	-264.418	-337.705	-1.35242
172.819	286.196	-223.017	-262.293	-337.718	-0.831787
191.391	298.453	-223.582	-263.132	-339.641	0.906982
216.665	315.57	-220.288	-262.824	-339.445	0.0969238
254.136	328.127	-214.066	-264.313	-340.714	2.099
293.817	343.849	-212.535	-263.449	-340.13	1.59534
330.833	350.671	-211.892	-265.414	-340.24	0.362549
373.693	346.99	-210.648	-265.474	-340.123	0.764038
418.302	348.015	-209.064	-265.678	-341.618	0.024292
454.136	333.924	-212.539	-265.129	-339.895	2.71167
491.736	314.041	-223.154	-265.526	-335.946	1.42651
514.231	294.791	-230.486	-266.897	-337.854	3.02734
536.106	274.34	-241.064	-264.881	-344.545	-0.985718
543.468	259.266	-250.235	-265.496	-347.25	-0.0955811
542.738	252.313	-254.616	-265.87	-347.016	-0.568115
544.539	249.713	-256.44	-264.756	-346.172	-2.10083
535.893	261.635	-254.227	-264.745	-343.902	-2.65625
530.8	276.039	-249.184	-265.892	-349.721	-4.58496
509.969	299.696	-246.02	-265.311	-349.299	-6.82642
494.487	327.041	-239.902	-265.023	-346.608	-10.2223
470.984	349.527	-230.09	-265.183	-348.54	-8.24316
441.533	369.706	-222.433	-264.73	-341.587	-8.46118
408.768	389.098	-213.651	-265.416	-343.663	-9.6261
371.706	398.4	-209.118	-265.13	-341.827	-8.25732
341.607	403.831	-202.608	-265.208	-342.388	-6.60291
304.891	401.63	-196.843	-262.301	-341.073	-7.03223
273.416	393.946	-196.357	-262.987	-341.737	-5.96252
243.417	384.29	-196.463	-261.583	-339.785	-8.26013
216.476	374.781	-195.721	-259.825	-339.435	-10.4626
197.49	365.356	-198.487	-257.123	-338.119	-12.1881
179.499	335.681	-197.026	-258.196	-340.207	-12.3717
165.598	322.769	-197.641	-255.152	-338.039	-7.93713
150.328	307.029	-199.858	-254.253	-335.842	-10.0033
149.213	297.029	-200.785	-255.154	-330.779	-8.57104
158.972	297.027	-197.56	-254.129	-333.692	-9.78943
168.18	298.328	-197.983	-255.58	-332.204	-9.48413
************TIME_SERIES************
ClassID: 3
TimeSeriesLength: 86
TimeSeriesData: 
165.645	336.602	-180.304	-224.394	-315.073	-8.09485
178.484	348.584	-183.447	-223.199	-314.477	-8.12488
209.39	359.606	-186.012	-224.345	-313.908	-8.51611
241.811	365.272	-186.216	-225.121	-309.499	-4.73364
284.887	366.572	-185.617	-226.161	-308.854	-7.65674
333.001	372.697	-183.658	-227.422	-308.538	-6.75024
379.939	371.614	-178.951	-228.52	-304.833	-4.91895
429.227	358.999	-167.852	-227.662	-305.119	-3.42822
486.239	345.977	-154.391	-227.934	-308.038	0.763306
523.189	321.476	-141.652	-242.634	-337.984	-15.3402
563.586	301.709	-129.109	-229.752	-312.658	-1.35474
580.706	284.363	-121.369	-231.003	-310.124	-1.04272
585.584	274.38	-111.918	-227.985	-312.748	0.578857
580.943	277.554	-118.189	-231.052	-279.51	2.50293
574.62	289.414	-115.228	-232.391	-295.137	-2.18555
555.14	303.553	-121.736	-229.691	-310.884	-1.96069
526.496	325.766	-129.233	-230.698	-305.425	-3.70911
494.741	355	-133.739	-230.43	-305.073	-4.94006
449.446	376.909	-137.395	-230.17	-304.049	-7.77649
415.291	391.996	-140.396	-230.963	-301.098	-12.7101
366.406	401.166	-148.502	-229.915	-294.739	-15.8412
319.759	404.92	-160.692	-228.275	-296.157	-14.4196
273.907	389.978	-168.025	-224.594	-300.272	-17.7155
229.096	369.914	-176.176	-226.238	-297.562	-20.6327
188.455	342.888	-183.895	-220.553	-293.496	-22.5941
161.872	315.693	-193.941	-215.961	-295.576	-24.5338
146.311	294.947	-202.939	-215.614	-296.373	-21.3455
140.885	272.805	-206.539	-223.207	-289.226	-20.0616
153.734	280.919	-212.578	-227.203	-290.216	-21.0092
166.405	293.805	-212.536	-231.74	-301.542	-23.2947
190.971	304.939	-208.749	-225.405	-300.729	-20.3859
232.36	333.83	-207.846	-228.873	-302.741	-16.682
272.064	347.525	-201.314	-229.5	-303.936	-17.4435
319.636	358.983	-196.542	-228.786	-306.338	-17.3541
369.496	364.416	-192.398	-227.661	-310.599	-14.5486
421.298	357.645	-183.59	-227.175	-306.113	-13.3069
470.941	348.465	-173.537	-227.266	-307.525	-13.2877
512.266	327.021	-165.991	-226.331	-313.939	-11.8923
552.681	302.131	-160.582	-225.571	-309.624	-11.0303
579.175	280.423	-153.6	-229.57	-307.68	-8.24561
589.569	262.283	-149.081	-228.113	-318.427	-10.4708
584.442	258.446	-146.377	-230.724	-302.916	-6.3678
580.098	271.57	-145.517	-224.777	-314.571	-11.8116
572.351	285.043	-146.832	-227.823	-312.442	-9.81238
544.025	307.637	-148.272	-226.302	-313.157	-9.54663
516.847	332.865	-151.937	-225.162	-316.693	-12.7917
474.519	362.446	-157.293	-225.207	-316.251	-14.3782
432.586	385.377	-158.048	-226.174	-311.711	-13.722
389.639	397.965	-159.766	-225.928	-315.812	-15.5975
332.157	399.942	-168.718	-226.54	-321.537	-14.7113
281.119	389.426	-174.41	-225.957	-316.418	-16.6459
232.901	371.547	-183.4	-225.854	-322.353	-15.1421
195.609	349.36	-191.761	-224.931	-318.037	-16.4929
165.836	309.348	-199.997	-224.335	-320.527	-15.0939
154.482	292.206	-211.502	-225.892	-318.109	-11.1512
152.179	290.089	-212.071	-223.664	-326.772	-15.0721
170.289	300.045	-208.994	-225.365	-319.119	-23.5009
190.14	310.731	-205.628	-224.84	-319.039	-24.3071
231.827	330.416	-203.085	-225.555	-314.906	-22.5313
272.022	348.252	-197.94	-224.962	-320.853	-23.5547
316.969	361.732	-194.425	-225.528	-313.292	-22.1521
371.585	364.33	-191.184	-229.888	-314.074	-23.2952
426.271	362.099	-180.952	-234.219	-293.253	11.7604
481.197	350.938	-172.432	-224.799	-322.372	-16.3295
529.378	325.966	-168.025	-223.241	-328.024	-15.9679
560.388	297.749	-165.356	-221.275	-331.008	-16.2582
573.275	269.218	-165.587	-222.723	-332.475	-15.76
576.316	257.945	-168.289	-222.804	-334.003	-13.063
573.896	260.792	-171.144	-229.477	-329.338	-15.4222
563.034	269.937	-175.193	-212.852	-333.173	-15.4185
544.748	290.378	-179.143	-210.366	-333.952	-14.4146
531.126	320.752	-177.789	-227.131	-305.402	-8.92761
505.384	347.271	-176.546	-221.535	-338.009	-18.3627
465.425	369.741	-177.402	-223.025	-332.531	-16.1608
432.385	327.31	-217.281	-223.039	-336.027	-20.8813
382.65	401.644	-172.38	-213.31	-335.515	-18.8572
336.555	409.713	-168.383	-223.128	-329.267	-19.046
291.854	403.393	-165.199	-223.242	-330.832	-18.6204
245.942	392.537	-164.554	-222.914	-324.748	-18.3966
205.875	379.722	-163.997	-222.069	-324.341	-18.0103
170.002	363.734	-161.156	-222.41	-321.749	-19.672
146.376	335.86	-164.176	-220.493	-321.04	-20.5
134.57	320.669	-164.184	-223.213	-319.462	-20.9423
143.378	298.207	-172.137	-213.47	-321.162	-20.0156
145.683	302.496	-173.897	-225.493	-318.626	-21.3842
162.045	301.656	-185.271	-224.672	-319.081	-18.6852
************TIME_SERIES************
ClassID: 3
TimeSeriesLength: 95
TimeSeriesData: 
233.081	356.548	-172.673	-252.229	-310.748	-21.4745
214.923	357.326	-171.755	-250.978	-309.141	-24.228
220.868	346.825	-173.565	-246.862	-316.03	-26.274
234.801	353.666	-178.588	-248.569	-313.205	-28.0377
263.391	364.744	-182.584	-244.404	-318.51	-32.5552
303.998	368.822	-186.466	-248.973	-293.353	-27.6783
351.948	374.511	-190.985	-247.167	-297.872	-29.9657
406.634	371.763	-189.954	-245.172	-296.223	-35.4871
465.6	361.307	-187.703	-247.005	-305.023	-33.6572
518.987	343.499	-185.198	-241.944	-302.468	-37.7054
559.335	319.75	-183.728	-244.471	-308.443	-34.7419
586.742	286.309	-187.917	-243.36	-310.414	-34.6798
606.906	258.51	-192.688	-248.507	-305.4	-32.87
609.241	239.274	-196.724	-248.509	-302.302	-34.3096
607.539	234.578	-199.171	-247.984	-305.066	-30.9943
606.652	237.28	-203.084	-248.925	-305.31	-30.043
594.802	249.162	-202.499	-247.589	-308.743	-30.2821
576.767	271.186	-206.434	-250.157	-303.9	-27.0846
553.242	302.039	-209.063	-247.89	-305.922	-27.806
519.142	336.597	-213.347	-248.267	-308.96	-28.453
475.233	358.413	-209.438	-245.737	-315.874	-29.9966
435.828	384.268	-209.553	-250.034	-299.901	-25.6147
431.069	330.223	-235.095	-242.638	-316.807	-31.6398
341.406	405.927	-200.658	-241.343	-318.728	-34.0625
297.7	400.262	-193.022	-244.005	-307.591	-33.7188
262.446	387.875	-190.114	-241.773	-310.048	-30.6869
221.234	370.081	-186.001	-237.884	-311.702	-36.3447
197.669	348.71	-178.836	-235.723	-311.575	-41.0327
181.516	339.352	-176.318	-238.372	-308.266	-37.5764
173.906	334.932	-179.35	-236.787	-300.998	-36.5413
173.391	335.724	-181.901	-237.486	-300.798	-40.3077
189.594	354.555	-183.706	-240.788	-299.588	-38.7756
209.875	369.252	-187.189	-238.642	-301.25	-36.9094
242.693	377.349	-193.199	-240.271	-298.92	-38.0916
283.135	388.708	-199.285	-239.396	-297.122	-36.0739
325.606	391.127	-208.739	-239.927	-300.474	-35.8324
365.102	387.434	-215.978	-242.423	-300.14	-35.6166
408.749	379.833	-223.041	-240.533	-313.468	-39.0491
454.706	371.038	-229.439	-245.559	-301.728	-29.369
488.81	358.814	-233.963	-242.592	-303.228	-31.2942
517.215	338.216	-234.251	-245.323	-313.417	-28.2341
541.85	323.987	-237.55	-242.763	-314.084	-27.2588
569.385	315.489	-244.832	-243.887	-314.855	-27.0144
554.712	318.753	-246.382	-244.79	-318.054	-24.983
549.247	319.884	-246.439	-244.434	-315.274	-22.446
542.021	333.739	-246.698	-244.061	-316.669	-21.632
523.326	345.065	-244.645	-243.39	-316.192	-21.4733
502.314	360.863	-241.724	-243.365	-312.837	-18.1539
464.036	376.425	-231.718	-245.178	-308.123	-20.2405
432.558	399.794	-227.341	-241.625	-314.44	-22.3134
390.675	416.78	-214.512	-245.446	-310.052	-21.343
353.635	421.784	-206.505	-240.345	-312.269	-22.7856
314.102	427.089	-196.967	-242.009	-303.762	-23.2657
273.389	420.02	-188.585	-238.042	-309.545	-27.8633
234.709	410.897	-182.962	-239.276	-306.133	-29.384
202.301	393.663	-177.989	-241.867	-299.665	-28.3239
168.56	375.77	-177.669	-234.926	-311.654	-34.8809
154.157	358.981	-177.657	-239.467	-297.632	-32.7014
143.114	342.119	-183.433	-241.238	-297.824	-34.0195
147.324	343.909	-188.625	-236.652	-311.363	-41.1184
159.768	351.514	-189.764	-238.933	-303.827	-37.8818
181.348	365.284	-194.404	-240.399	-302.07	-36.4637
214.549	314.001	-202.215	-241.771	-301.519	-36.8406
249.193	387.914	-211.715	-240.228	-303.908	-37.5056
292.036	396.657	-223.953	-241.523	-302.124	-35.6572
338.479	397.091	-235.998	-240.064	-303.622	-37.5459
386.114	394.553	-250.217	-238.147	-305.055	-41.7938
435.691	373.181	-261.867	-239.895	-296.766	-34.7791
483.414	350.137	-273.447	-241.718	-306.154	-35.0507
521.94	323.949	-280.858	-240.325	-305.546	-38.407
551.482	297.713	-290.004	-241.435	-309.024	-37.6586
568.9	278.809	-292.871	-240.834	-306.654	-36.7078
578.906	270.327	-296.393	-243.427	-309.384	-31.4032
578.785	269.917	-295.472	-242.653	-309.834	-31.432
570.576	274.913	-293.982	-241.014	-311.758	-33.415
563.223	291.137	-290.898	-242.367	-306.591	-29.2788
547.504	311.55	-285.556	-240.839	-311.535	-28.2704
524.542	335.488	-278.333	-240.947	-311.934	-30.4869
501.737	363.295	-271.929	-240.227	-310.749	-30.9337
465.941	393.317	-260.454	-236.924	-318.714	-32.3311
464.346	333.269	-283.001	-237.218	-311.738	-30.8567
398.047	423.988	-232.115	-239.007	-308.825	-30.2169
356.095	435.867	-217.91	-237.964	-309.012	-31.1278
375.186	368.98	-243.719	-237.961	-309.138	-31.6309
292.954	434.243	-195.897	-235.117	-317.365	-34.3872
260.426	421.733	-186.384	-235.004	-310.143	-36.222
231.999	411.747	-183.648	-236.683	-308.872	-34.5098
206.196	401.177	-179.632	-238.094	-304.645	-32.2466
192.788	392.301	-178.262	-233.564	-322.398	-36.3157
188.801	380.689	-177.459	-236.388	-309.966	-35.3297
193.02	380.904	-181.99	-238.586	-303.774	-32.0798
198.057	374.845	-183.897	-240.283	-305.285	-34.1582
210.944	369.128	-196.551	-239.791	-301.81	-34.9139
218.399	348.113	-208.16	-239.888	-298.787	-34.6796
241.214	320.817	-227.664	-239.012	-306.369	-35.8737
************TIME_SERIES************
ClassID: 3
TimeSeriesLength: 96
TimeSeriesData: 
177.415	340.84	-196.2	-256.422	-314.657	-28.6022
187.613	351.773	-202.354	-256.316	-314.635	-31.7506
203.909	354.273	-202.08	-256.512	-315.446	-30.2101
226.171	369.945	-205.009	-256.533	-315.983	-29.2999
260.961	379.546	-208.778	-255.371	-317.469	-33.0225
305.57	388.282	-213.001	-255.7	-320.662	-31.2288
348.049	385.063	-213.284	-229.124	-384.988	-45.9022
394.625	381.34	-211.838	-260.819	-312.952	-26.7847
441.229	363.411	-214.114	-228.011	-383.832	-44.5787
483.702	345.368	-218.083	-256.9	-316.735	-25.2299
524.458	320.229	-217.53	-251.529	-322.698	-25.8081
552.406	293.261	-220.534	-255.207	-317.889	-23.4559
579.062	269.441	-226.359	-253.893	-318.876	-20.498
588.37	246.32	-233.928	-252.304	-321.818	-25.301
592.427	234.125	-237.022	-252.34	-316.143	-23.8386
599.325	227.552	-240.462	-250.412	-313.923	-26.5654
587.739	238.668	-241.316	-252.446	-293.579	-27.6447
580.808	256.508	-238.075	-251.331	-306.621	-23.5933
562.011	283.855	-239.467	-249.775	-304.752	-24.3182
550.395	249.714	-250.502	-250.103	-303.493	-29.9591
506.789	352.031	-225.435	-247.315	-306.849	-31.3627
464.952	378.746	-216.685	-247.64	-307.514	-34.3314
415.265	402.99	-207.765	-249.41	-308.765	-43.8468
369.426	412.232	-200.084	-249.293	-305.596	-45.5934
325.265	417.355	-198.635	-247.769	-308.313	-42.4595
277.161	413.726	-197.162	-241.705	-315.802	-40.9573
232.009	397.998	-197.356	-246.977	-307.044	-38.9929
191.216	380.217	-198.515	-247.487	-304.708	-35.2987
163.216	356.762	-198.842	-248.453	-305.865	-37.5841
140.77	336.175	-199.881	-246.871	-308.985	-36.0769
140.427	324.534	-204.376	-246.444	-307.149	-37.1725
141.848	321	-206.828	-244.369	-305.342	-34.7563
153.103	329.818	-206.817	-246.129	-302.717	-38.0831
174.718	349.764	-209.322	-245.494	-306.526	-37.1061
209.377	361.636	-208.476	-245.816	-303.899	-33.5348
243.211	378.143	-211.617	-245.41	-306.381	-34.9449
289.865	390.331	-217.173	-246.054	-307.677	-31.5415
335.4	389.769	-220.47	-247.336	-308.755	-32.9557
384.929	388.417	-222.741	-248.326	-308.358	-32.7576
429.071	377.888	-230.547	-250.187	-309.443	-30.7402
470.831	366.333	-238.993	-249.83	-312.523	-31.6489
513.204	352.438	-243.527	-251.256	-312.34	-30.0994
541.596	327.892	-256.374	-249.828	-317.247	-32.5592
564.804	304.098	-264.483	-248.86	-321.761	-35.2678
572.951	287.426	-273.512	-250.878	-310.92	-35.1423
571.098	286.969	-275.536	-248.686	-311.119	-39.199
573.03	286.808	-277.226	-249.715	-306.653	-37.6125
564.4	303.01	-275.352	-245.666	-310.98	-41.9072
546.785	318.787	-273.959	-244.563	-310.924	-42.5131
523.235	341.691	-268.475	-246.058	-304.486	-45.3281
494.95	363.981	-260.185	-242.462	-306.091	-47.1243
459.619	385.159	-253.123	-241.736	-304.869	-51.6508
416.829	406.582	-243.541	-248.628	-284.346	-49.6669
373.96	415.61	-234.504	-244.322	-270.129	-45.3358
332.123	419.971	-227.999	-245.374	-309.989	-54.9211
283.96	411.5	-218.739	-242.477	-303.883	-49.8273
247.373	405.175	-212.015	-249.537	-291.429	-47.7024
210.993	391.415	-204.842	-245.844	-295.255	-45.7158
179.215	373.206	-198.272	-243.098	-307.18	-43.2516
157.469	354.273	-192.749	-243.062	-306.685	-43.5642
140.695	325.897	-186.977	-246.865	-305.659	-37.375
136.46	318.327	-190.703	-246.716	-306.679	-35.5438
140.516	315.222	-193.276	-244.952	-305.858	-37.026
143.78	318.075	-194.511	-247.866	-301.795	-31.3226
165.274	340.109	-204.322	-245.8	-305.302	-31.8643
195.308	353.96	-209.811	-246.172	-303.309	-32.6967
228.711	370.997	-215.633	-246.134	-301.583	-31.197
268.455	375.544	-219.233	-246.497	-302.435	-30.7401
311.891	385.381	-225.743	-249.621	-299.83	-27.75
354.595	384.86	-231.908	-249.551	-299.388	-27.3636
403.028	377.931	-234.938	-247.119	-305.43	-30.1403
444.974	360.445	-239.035	-248.731	-302.216	-30.5096
482.507	343.902	-246.442	-250.515	-300.32	-27.3899
518.416	318.889	-253.952	-248.282	-301.661	-29.1436
548.135	297.988	-261.797	-246.865	-299.215	-32.3196
574.203	278.94	-267.725	-247.096	-299.314	-30.2019
585.177	265.038	-272.513	-246.581	-293.617	-29.2074
582.49	264.327	-276.317	-242.953	-296.742	-34.5353
570.749	277.804	-274.336	-243.049	-291.002	-32.7207
560.347	297.455	-273.053	-237.378	-294.65	-40.3641
540.191	323.203	-270.684	-236.414	-291.647	-40.7719
516.531	350.637	-266.714	-234.692	-290.334	-42.601
488.892	321.038	-274.282	-233.331	-292.036	-43.707
464.139	342.206	-262.93	-235.503	-292.615	-45.7905
412.505	420.008	-235.904	-234.599	-297.188	-46.7583
374.814	430.128	-226.402	-234.555	-293.771	-47.4854
333.166	436.019	-214.114	-232.832	-296.801	-45.5084
296.485	435.608	-206.963	-235.477	-295.638	-47.1777
304.6	351.575	-239.648	-235.603	-300.133	-48.6073
220.485	406.671	-192.593	-235.766	-299.102	-47.048
181.285	389.154	-185.535	-238.567	-298.826	-43.2595
150.825	356.415	-176.626	-237.808	-307.653	-41.6362
138.793	337.082	-173.654	-239.415	-305.208	-35.1752
132.946	308.17	-173.479	-241.02	-298.986	-29.3282
140.775	305.087	-170.92	-240.504	-295.274	-32.1736
155.327	308.851	-177.536	-241.828	-296.769	-31.9269
************TIME_SERIES************
ClassID: 1
TimeSeriesLength: 55
TimeSeriesData: 
256.122	-299.538	-60.0289	-270.899	262.956	-151.667
258.117	-296.945	-58.0116	-267.594	262.796	-154.127
258.014	-299.425	-57.9493	-266.642	254.45	-155.418
258.873	-293.81	-54.3689	-267.994	255.919	-157.286
258.143	-301.465	-56.0631	-266.465	267.571	-158.029
263.029	-293.881	-47.0635	-265.932	266.441	-158.865
260.275	-234.824	-27.4854	-270.703	270.187	-157.404
259.547	-232.732	-35.3253	-272.002	275.925	-156.776
263.592	-296.508	-51.6051	-278.211	287.321	-154.248
265.243	-305.193	-55.6191	-287.208	290.686	-150.071
266.259	-305.671	-53.9536	-300.553	292.645	-139.838
266.611	-304.743	-55.6272	-316.118	283.413	-131.371
265.286	-304.786	-55.9253	-331.914	302.287	-123.177
265.803	-301.668	-55.6632	-352.879	302.773	-108.865
266.381	-302.921	-54.9452	-367.435	306.859	-101.848
263.79	-303.972	-58.4233	-402.729	314.545	-83.9061
263.812	-305.755	-56.9733	-432.917	318.431	-72.855
263.991	-305.591	-53.223	-464.214	307.744	-63.3307
262.678	-306.324	-51.7439	-513.086	296.845	-47.2965
261.999	-303.326	-50.8114	-551.378	261.282	-40.2969
263.121	-307.11	-49.4493	-587.016	223.494	-36.3153
262.669	-303.575	-47.3308	-609.002	178.737	-37.7981
261.3	-307.268	-48.2018	-617.223	119.046	-32.0891
261.407	-307.398	-48.1194	-620.355	57.8813	-25.0648
260.315	-306.61	-49.8868	-618.003	-0.356934	-11.2644
259.606	-304.724	-52.7162	-622.07	-61.8457	-3.19006
259.746	-304.264	-52.9106	-605.152	-121.504	5.7616
258.476	-301.013	-51.7639	-576.667	-179.991	10.5925
259.517	-300.472	-51.6556	-532.628	-224.197	11.324
258.367	-300.431	-51.7203	-489.113	-264.013	9.71619
257.133	-299.852	-51.2069	-443.072	-290.548	-0.218628
257.509	-301.521	-47.7301	-390.718	-309.137	-11.2349
257.989	-301.371	-49.0385	-341.168	-327.08	-29.0424
255.521	-303.091	-46.577	-291.68	-317.522	-45.1105
255.329	-304.175	-48.9733	-246.885	-303.342	-68.7469
253.501	-304.058	-50.7493	-206.633	-287.973	-99.9893
252.367	-304.07	-51.8241	-163.506	-275.049	-135.031
253.444	-305.517	-50.5809	-124.221	-222.057	-165.249
254.499	-295.706	-52.6517	-96.2419	-166.441	-190.597
252.257	-295.751	-55.9447	-82.4704	-114.443	-207.352
254.021	-295.127	-60.0605	-78.2344	-44.9747	-221.697
252.614	-305.985	-64.868	-85.5239	22.3447	-233.688
256.058	-295.467	-60.0139	-103.486	80.4403	-240.762
256.43	-293.547	-60.7881	-136.862	122.496	-243.882
256.546	-292.57	-54.5306	-160.575	158.224	-208.938
257.265	-291.404	-57.2576	-170.678	206.486	-203.637
256.955	-299.923	-54.7518	-198.716	228.478	-191.652
258.075	-291.15	-55.9259	-221.522	256.482	-178.925
257.732	-294.83	-57.3246	-249.391	279.002	-163.154
257.584	-295.549	-54.8809	-276.684	282.996	-145.724
257.703	-293.467	-53.2744	-301.055	285.148	-130.038
258.236	-296.136	-53.6515	-317.812	274.304	-120.088
258.413	-295.93	-52.7018	-332.872	270.876	-117.211
257.345	-297.867	-53.665	-342.091	263.317	-113.164
256.941	-299.023	-53.7463	-352.282	264.548	-111.294
************TIME_SERIES************
ClassID: 1
TimeSeriesLength: 74
TimeSeriesData: 
229.374	-328.683	-63.2252	-321.154	206.242	-147.992
232.911	-330.384	-60.8519	-319.631	225.27	-149.908
227.118	-317.013	-63.3063	-315.576	228.329	-150.531
229.58	-325.137	-61.2188	-314.123	235.798	-151.969
226.371	-319.969	-59.0355	-300.068	238.831	-159.488
228.88	-325.475	-60.7015	-294.56	242.872	-162.169
229.284	-324.02	-59.9305	-292.492	243.927	-167.476
227.287	-327.571	-61.5309	-291.105	249.033	-168.904
227.288	-335.585	-65.1046	-289.316	246.579	-167.683
227.044	-334.842	-62.6342	-293.267	251.196	-167.087
224.411	-324.913	-61.4562	-301.543	257	-165.78
224.221	-324.671	-62.4606	-304.937	261.451	-166.592
224.471	-302.786	-50.8234	-317.687	259.306	-165.631
222.668	-275.883	-39.9688	-326.071	260.485	-158.476
220.616	-254.392	-33.6986	-344.525	267.788	-149.21
225.614	-236.15	-24.2322	-360.561	274.274	-142.697
229.842	-232.027	-26.5668	-381.505	286.388	-133.116
233.02	-248.619	-30.7919	-405.712	294.473	-124.602
223.662	-246.277	-27.6144	-431.618	289.851	-110.099
223.651	-246.317	-27.7406	-450.655	277.238	-104.769
227.091	-248.638	-33.3744	-489.978	265.431	-88.1248
227.273	-248.454	-35.7184	-521.41	253.336	-81.1716
223.767	-253.134	-32.8772	-537.506	220.865	-77.2046
224.552	-253.751	-36.8295	-556.911	202.069	-72.4542
228.773	-250.914	-35.7091	-572.806	172.008	-77.4747
231.435	-260.553	-40.2316	-566.363	119.414	-83.0927
228.499	-269.811	-43.507	-560.463	75.3132	-87.4292
221.762	-318.097	-61.3914	-531.079	17.9446	-89.502
225.305	-327.62	-60.733	-522.781	-26.3838	-95.495
225.401	-325.589	-58.8837	-517.811	-74.7651	-100.657
224.655	-325.77	-57.2601	-489.442	-117.047	-99.8407
226.725	-326.112	-56.1683	-471.644	-157.672	-105.593
226.575	-327.811	-50.8187	-456.527	-192.612	-111.172
227.35	-298.741	-42.092	-427.001	-221.488	-123.454
221.42	-285.788	-39.3795	-387.454	-234.639	-133.346
226.427	-286.441	-40.6714	-356.361	-243.319	-144.872
222.51	-290.624	-43.5624	-327.204	-244.26	-160.565
222.818	-299.195	-46.5834	-294.787	-232.799	-173.669
222.871	-297.353	-43.5651	-273.918	-220.513	-182.906
227.452	-309.048	-44.3081	-252.671	-202.102	-206.67
229.459	-307.235	-38.9868	-234.472	-178.896	-223.089
225.164	-311.109	-45.8965	-226.305	-150.017	-233.011
225.189	-306.04	-44.1481	-217.837	-102.625	-230.633
228.346	-315.506	-45.011	-206.043	-67.406	-263.535
229.038	-319.312	-47.8643	-201.625	-47.2843	-255.851
224.518	-321.531	-49.3826	-202.109	-5.72949	-270.292
227.203	-314.525	-48.5436	-207.216	40.583	-268.531
225.423	-320.341	-53.7642	-210.476	90.102	-278.691
224.451	-332.083	-60.6008	-213.997	133.968	-273.846
227.57	-332.01	-59.7908	-228.141	175.849	-263.664
225.153	-324.748	-59.5085	-237.408	214.746	-249.702
227.003	-320.555	-58.9922	-252.091	243.112	-229.302
226.238	-324.48	-63.2202	-268.589	266.868	-205.567
226.847	-319.638	-63.0399	-283.194	287.859	-183.919
223.341	-312.039	-62.7242	-299.801	303.6	-163.626
220.967	-312.939	-62.4396	-318.723	308.668	-142.667
220.985	-312.421	-64.4037	-335.588	317.405	-124.608
219.199	-310.908	-62.1201	-349.411	320.193	-111.355
223.617	-316.97	-66.342	-363.632	319.813	-100.133
223.706	-325.208	-69.1115	-376.135	310.412	-91.2998
222.568	-323.77	-67.3951	-388.067	309.795	-86.7112
221.476	-328.326	-71.4178	-394.634	301.383	-87.6786
223.223	-325.782	-66.2618	-400.608	293.73	-88.2292
222.234	-320.06	-70.3551	-403.973	289.051	-91.0264
222.718	-330.396	-68.313	-406.407	285.67	-89.0715
220.672	-328.132	-73.8876	-406.791	282.208	-91.5623
218.235	-318.229	-71.2289	-407.773	283.415	-90.8568
216.576	-326.794	-73.3567	-408.812	283.593	-90.1769
216.978	-317.846	-70.6	-406.469	286.478	-90.4003
220.27	-329.438	-73.9182	-404.847	287.264	-88.4602
211.736	-313.568	-70.5037	-403.511	279.429	-93.6344
215.546	-287.563	-58.6	-399.951	278.632	-94.2213
220.341	-286.64	-59.1422	-399.04	281.631	-94.9004
222.393	-275.964	-54.5609	-397.273	277.807	-95.4113
************TIME_SERIES************
ClassID: 2
TimeSeriesLength: 90
TimeSeriesData: 
377.657	-328.232	-141.991	-357.125	-386.821	-16.0146
418.463	-285.334	-188.94	-424.098	-337.546	-45.6636
453.343	-225.702	-240.414	-481.654	-270.466	-80.4498
504.678	-134.869	-291.381	-562.309	-200.765	-126.596
536.387	-50.3257	-333.305	-575.851	-90.5131	-157.417
551.187	58.0784	-350.423	-576.422	18.3827	-161.008
548.751	150.041	-355.308	-583.688	117.267	-167.559
556.229	254.19	-368.897	-609.021	210.692	-203.468
567.581	353.558	-346.804	-602.858	296.158	-207.893
572.682	437.34	-346.252	-589.463	371.158	-187.623
558.648	486.983	-302.193	-605.569	443.897	-176.465
546.999	528.694	-273.201	-622.909	498.915	-156.775
527.427	554.448	-242.52	-606.88	526.967	-144.099
513.635	587.541	-236.116	-596.202	548.513	-126.282
505.961	602.956	-221.742	-595.983	566.633	-106.522
502.42	610.952	-217.165	-599.771	565.497	-98.1019
510.429	618.234	-220.824	-599.249	558.217	-96.6403
513.303	614.467	-237.026	-623.895	544.57	-98.7122
536.555	585.551	-243.74	-644.854	498.393	-105.321
556.14	552.736	-237.234	-663.647	434.195	-118.484
565.793	487.901	-255.885	-677.043	345.566	-127.751
594.887	423.61	-263.405	-683.782	249.905	-121.348
590.072	316.834	-269.77	-684.939	154.947	-113.64
588.873	190.537	-278.93	-634.823	47.6496	-73.8412
585.917	69.561	-278.25	-622.151	-49.6068	-61.4779
562.878	-84.6865	-246.397	-594.121	-166.887	-35.8643
543.319	-208.034	-198.002	-539.909	-244.454	-5.01563
491.699	-301.199	-139.746	-466.517	-310.042	27.6533
443.381	-352.056	-78.7799	-404.778	-361.526	47.2367
396.918	-374.834	-44.8934	-349.812	-379.901	72.5056
362.082	-363.89	-29.2473	-315.966	-388.739	89.489
364.928	-356.585	-38.2601	-308.138	-392.996	93.4536
398.14	-333.863	-63.1965	-326.281	-385.924	92.5713
453.261	-313.035	-108.379	-374.431	-352.441	84.6825
496.411	-257.234	-162.978	-439.761	-312.809	72.1741
553.513	-175.808	-212.777	-512.219	-251.079	50.2631
597.498	-89.1389	-260.034	-593.869	-174.998	23.2279
613.021	28.9328	-289.387	-611.593	-68.0581	16.8907
628.104	130.662	-312.53	-650.243	39.5536	-0.797241
638.779	234.772	-321.897	-646.601	125.846	-13.0793
640.77	322.007	-328.759	-652.83	201.276	-23.6893
614.524	402.346	-323.184	-674.214	285.882	-38.067
602.211	459.011	-313.241	-662.709	346.93	-46.4309
582.576	514.838	-298.852	-668.343	406.974	-51.8712
528.857	527.538	-251.147	-654.175	448.392	-52.3546
537.954	599.038	-262.367	-633.943	478.469	-45.6155
499.601	552.457	-227.975	-626.022	500.132	-38.1338
497.788	623.216	-246.238	-624.545	512.97	-35.0657
512.587	622.304	-234.074	-634.263	509.096	-41.8654
526.945	590.589	-221.939	-642.417	469.689	-60.339
533.604	551.877	-222.318	-653.994	407.629	-72.1475
545.585	496.776	-242.088	-665.322	351.013	-72.2664
555.738	419.8	-251.148	-687.367	279.045	-81.099
561.611	356.02	-269.212	-691.299	188.018	-81.6493
580.676	239.27	-276.412	-677.054	78.3367	-72.3636
599.38	150.224	-279.49	-662.801	-24.5355	-61.2804
586.656	21.9229	-275.749	-603.917	-142.377	-40.9634
549.283	-101.914	-242.915	-573.608	-236.905	-22.8253
528.295	-196.045	-202.8	-519.857	-303.832	8.51733
435.766	-183.497	-179.601	-450.917	-344.532	36.278
450.815	-311.875	-124.154	-402.562	-363.57	48.6512
422.824	-339.371	-91.7383	-376.994	-376.261	68.1038
397.951	-345.915	-76.6812	-360.514	-376.316	78.6724
377.221	-345.478	-74.2122	-355.061	-376.61	81.7142
371.631	-353.02	-67.3228	-356.559	-381.617	80.7058
362.473	-345.487	-67.6228	-356.498	-380.517	76.1379
356.219	-340.477	-67.287	-356.085	-373.964	72.7495
354.605	-337.375	-73.449	-356.524	-376.943	64.8521
354.83	-337.934	-78.6733	-349.977	-372.351	54.9718
351.068	-336.835	-84.7635	-345.369	-374.656	47.9967
347.494	-332.197	-94.5438	-332.511	-368.145	43.3984
341.647	-332.079	-101.86	-325.615	-376.861	36.9176
334.824	-335.35	-108.493	-306.692	-374.482	33.4449
328.358	-334.001	-109.598	-294.193	-368.418	21.1711
314.079	-334.044	-106.325	-277.515	-365.639	20.5343
302.782	-336.086	-104.32	-263.852	-361.446	15.1221
292.043	-337.641	-101.674	-251.985	-356.298	16.5764
281.762	-344.861	-95.7559	-247.874	-345.386	18.964
273.222	-346.612	-88.9669	-243.457	-347.59	18.7125
265.194	-358.317	-84.4857	-236.213	-349.472	22.1252
261.657	-354.499	-70.1543	-235.435	-334.481	27.0466
256.911	-347.028	-62.9495	-230.456	-341.411	28.2445
255.179	-346.858	-56.5414	-231.569	-332.421	29.5083
249.043	-343.402	-57.0797	-231.85	-332.764	30.6791
254.597	-333.919	-48.8094	-230.544	-338.191	31.4059
249.156	-357.098	-54.1497	-231.767	-335.761	30.0459
247.009	-352.51	-55.7316	-233.933	-341.658	30.9042
248.77	-358.284	-59.0482	-233.456	-349.049	31.7404
255.009	-349.013	-54.3064	-236.929	-341.64	34.964
250.448	-363.061	-60.7991	-233.679	-349.966	30.9491
************TIME_SERIES************
ClassID: 2
TimeSeriesLength: 78
TimeSeriesData: 
664.064	13.245	-223.009	-587.249	-16.5885	-253.468
661.594	113.689	-227.038	-606.993	83.4442	-271.084
678.063	216.35	-229.759	-612.761	179.998	-272.634
697.98	325.143	-233.02	-616.713	282.841	-276.451
694.965	423.272	-222.083	-621.894	381.848	-273.461
675.294	514.007	-207.105	-622.528	480.428	-262.64
652.947	585.718	-188.121	-615.375	562.582	-243.186
600.578	598.685	-161.017	-570.452	588.847	-209.819
571.762	628.48	-148.421	-536.658	614.124	-186.767
546.307	636.701	-131.117	-511.785	634.521	-170.896
529.081	642.513	-122.8	-501.077	647.438	-160.454
523.835	642.898	-119.38	-496.132	651.111	-155.452
524.867	635.286	-119.75	-502.762	648.999	-155.401
543.483	639.067	-136.687	-513.642	634.861	-158.084
586.605	644.847	-152.891	-538.534	629.859	-181.061
629.623	625.813	-168.647	-586.705	617.162	-194.909
674.589	577.288	-184.283	-640.686	572.598	-197.918
716.846	508.186	-195.842	-644.394	476.205	-215.165
703.845	390.243	-183.829	-656.328	374.119	-224.635
716.039	293.244	-188.463	-665.121	267.731	-223.542
704.196	175.332	-165.392	-665.483	161.484	-212.722
713.543	65.7028	-152.369	-653.593	66.3305	-200.714
712.018	-42.1016	-134.404	-639.437	-26.9414	-182.816
687.134	-143.129	-111.073	-610.502	-123.611	-155.956
632.018	-245.426	-79.3416	-568.521	-203.971	-129.678
568.09	-328.234	-48.7699	-507.388	-280.104	-101.099
512.272	-385.536	-24.0044	-442.934	-355.314	-61.2172
469.054	-416.225	-7.06104	-368.349	-354.923	-34.0988
445.531	-433.779	-4.0459	-330.184	-379.281	-23.9932
448.397	-436.112	-11.1262	-313.122	-370.857	-15.8289
473.065	-418.82	-28.5253	-326.733	-373.4	-30.3102
518.682	-390.989	-60.5044	-370.01	-385.748	-48.1705
568.827	-340.118	-99.7931	-425.136	-366.08	-74.4921
616.35	-284.248	-132.266	-487.46	-315.217	-109.704
663.021	-210.404	-160.271	-545.739	-261.235	-134.729
708.166	-133.944	-183.891	-593.278	-186.68	-162.886
696.767	-31.3908	-184.728	-631.893	-95.6134	-181.421
705.849	54.2163	-195.95	-656.777	0.520111	-192.838
704.686	146.151	-190.94	-671.553	98.069	-197.93
717.725	231.523	-198.084	-677.595	187.353	-198.691
701.251	306.282	-183.457	-677.23	272.363	-194.726
695.508	381.436	-174.113	-666.661	352.107	-185.358
706.135	466.492	-169.025	-669.625	433.88	-178.808
712.169	533.958	-162.224	-683.073	511.412	-170.449
707.032	586.137	-148.927	-686.397	574.633	-158.14
693.635	626.007	-140.197	-680.592	622.514	-146.865
684.114	644.202	-136.117	-678.27	645.825	-135.233
685.14	647.589	-139.021	-676.555	654.583	-134.062
692.441	633.633	-145.322	-685.235	648.895	-140.924
713.089	601.007	-153.124	-651.355	594.829	-145.664
731.638	549.228	-169.349	-654.99	546.756	-169.027
707.418	467.193	-168.432	-664.547	488.576	-190.128
711.832	405.632	-190.091	-673.266	413.615	-198.576
707.006	310.575	-185.297	-676.994	323.905	-198.255
721.783	218.567	-192.468	-675.02	224.673	-196.244
700.649	114.688	-175.477	-677.075	116.985	-192.067
691.171	20.9544	-169.296	-663.764	14.9839	-179.364
678.396	-83.9012	-159.915	-643.116	-79.6156	-162.161
657.044	-178.145	-142.522	-616.699	-161.573	-139.342
614.252	-259.448	-118.24	-584.628	-230.753	-112.804
568.761	-321.586	-92.0364	-544.457	-288.207	-92.509
531.685	-363.818	-70.3765	-505.807	-329.745	-73.4958
502.939	-388.284	-60.5383	-474.627	-372.51	-49.431
480.971	-407.798	-52.317	-455.167	-406.959	-31.2822
469.585	-413.862	-54.4302	-434.325	-421.945	-26.2954
470.376	-419.216	-50.874	-422.066	-424.436	-26.9574
470.443	-396.753	-49.5894	-414.528	-408.67	-22.949
480.589	-377.057	-52.9474	-407.496	-391.477	-24.585
484.574	-386.159	-66.0626	-402.011	-409.131	-34.3105
487.127	-387.026	-77.0229	-397.529	-416.815	-43.1699
482.644	-381.424	-85.4341	-394.59	-411.484	-57.5017
474.502	-375.046	-96.1539	-388.557	-403.705	-71.626
470.122	-368.825	-106.114	-382.479	-395.851	-83.9637
461.337	-362.901	-114.957	-374.406	-389.152	-94.9835
451.342	-357.673	-123.764	-361.866	-385.796	-101.066
438.106	-353.162	-130.73	-349.285	-383.88	-105.156
423.743	-353.146	-133.505	-333.239	-381.677	-105.082
407.11	-360.597	-137.927	-320.815	-387.555	-104.568
************TIME_SERIES************
ClassID: 2
TimeSeriesLength: 84
TimeSeriesData: 
261.426	-309.752	-51.1674	-233.157	-373.863	-12.6194
264.428	-310.843	-52.5029	-233.208	-375.952	-11.4706
271.715	-311.79	-59.1619	-240.395	-375.641	-13.0551
286.482	-305.32	-73.4995	-261.825	-390.855	-27.9219
318.222	-314.367	-105.172	-295.833	-371.974	-43.9197
368.608	-327.296	-154.146	-338.634	-361.887	-72.9094
422.369	-318.168	-205.759	-398.311	-340.983	-114.288
479.089	-275.164	-259.569	-464.623	-294.981	-158.108
527.337	-199.397	-310.013	-513.341	-228.034	-203.063
563.216	-101.16	-348.291	-546.546	-132.785	-238.59
590.971	8.7029	-377.266	-569.422	-22.5386	-264.875
579.578	112.38	-363.204	-587.859	89.9111	-282.053
573.923	214.154	-357.006	-591.662	202.851	-286.199
587.853	319.468	-350.354	-590.415	309.678	-281.549
590.795	418.5	-335.018	-584.433	407.288	-269.853
587.139	506.25	-314.125	-579.188	502.433	-251.717
555.242	543.158	-274.032	-550.778	554.189	-212.557
530.188	583.996	-243.495	-522.93	600.168	-178.465
505.993	618.415	-217.568	-501.829	636.993	-149.709
483.743	642.848	-197.033	-482.956	659.842	-125.712
467.605	659.847	-184.927	-470.114	677.063	-109.755
455.053	668.046	-175.101	-464.638	685.196	-95.4841
450.729	672.835	-171.862	-464.302	687.126	-91.4807
453.868	671.494	-173.234	-471.034	684.91	-89.4155
468.494	661.486	-178.638	-481.068	672.383	-96.6338
493.095	635.176	-189.639	-501.04	650.344	-106.143
534.263	620.611	-215.068	-536.098	632.932	-132.962
585.271	600.627	-243.442	-582.166	605.597	-151.603
637.672	552.554	-265.316	-623.128	550.106	-164.491
647.604	438.705	-260.007	-650.639	454.596	-156.285
672.812	353.848	-273.037	-677.826	353.024	-143.259
674.993	224.347	-250.738	-691.533	243.583	-124.653
685.418	106.548	-240.865	-686.405	132.189	-104.559
687.649	-9.95375	-220.649	-667.112	17.0599	-79.401
662.326	-126.684	-185.251	-635.955	-96.2874	-54.3712
620.73	-227.299	-146.95	-586.456	-189.773	-31.4341
568.185	-304.253	-109.208	-525.579	-263.061	-8.0094
511.305	-358.719	-77.5786	-459.72	-331.459	13.2296
440.851	-350.761	-51.4246	-383.547	-347.134	33.6196
403.422	-366.566	-45.1017	-336.39	-377.887	46.2543
396.897	-386.238	-47.5946	-311.522	-418.611	63.2009
397.111	-344.435	-51.7242	-307.004	-381.239	63.3868
423.559	-331.578	-80.761	-333.207	-383.244	46.5919
466.263	-328.11	-106.298	-386.411	-386.763	33.8605
505.853	-309.445	-136.42	-449.684	-378.292	22.2958
549.413	-261.721	-174.058	-512.457	-352.631	1.99243
585.176	-201.863	-200.693	-571.638	-302.663	-16.3815
617.78	-117.856	-226.176	-626.194	-224.745	-37.0532
644.352	-30.9133	-245.246	-671.099	-130.29	-54.3975
664.857	58.4766	-259	-704.793	-37.0209	-64.1681
669.81	165.349	-259.096	-714.742	70.1903	-67.5488
665.625	261.55	-253.261	-721.282	168.257	-72.5016
672.622	338.218	-256.982	-707.341	260.41	-71.1122
672.407	409.783	-256.216	-707.502	348.282	-76.8197
664.129	475.041	-251.876	-699.792	426.356	-84.9336
650.355	541.246	-241.79	-687.848	502.873	-90.4412
637.863	593.529	-230.516	-681.524	567.612	-82.4998
590.177	605.125	-203.689	-665.694	624.618	-78.2345
559.839	616.024	-187.792	-611.382	620.787	-73.3401
541.143	618.113	-178.563	-596.259	638.463	-71.4385
531.706	609.943	-175.595	-583.882	617.923	-75.8787
546.726	618.981	-183.239	-593.246	624.309	-85.9115
574.193	622.07	-192.459	-618.342	620.983	-98.5308
605.245	593.885	-203.03	-652.162	587.247	-108.585
635.088	547.81	-215.705	-679.161	530.505	-120.83
667.708	474.095	-227.604	-673.197	413.731	-134.656
653.834	337.651	-224.563	-675.811	299.905	-138.378
674.39	237.412	-230.213	-680.823	189.767	-137.836
647.305	103.138	-203.702	-686.57	86.6817	-128.41
640.135	-17.2996	-191.295	-672.757	-27.3044	-114.693
631.825	-127.704	-165.762	-644.077	-129.384	-90.8433
607.671	-227.023	-134.021	-600.258	-219.449	-65.2106
568.584	-306.492	-98.7252	-544.795	-301.16	-37.3617
488.622	-315.795	-62.0657	-491.708	-367.164	-4.92493
442.378	-346.621	-46.1952	-424.596	-361.272	17.7946
396.86	-347.705	-30.4735	-378.823	-385.376	32.0685
369.871	-372.644	-28.4028	-337.338	-380.345	41.7562
343.556	-366.087	-21.0275	-309.155	-399.019	41.8429
330.484	-382.825	-22.1378	-287.882	-384.701	44.0928
318.605	-371.365	-19.3574	-276.123	-397.281	38.9408
316.421	-384.848	-29.4615	-268.084	-387.747	31.447
313.536	-371.83	-34.546	-263.54	-380.541	22.7639
317.702	-382.483	-47.3722	-262.059	-375.539	12.6296
315.122	-365.129	-52.5753	-265.482	-371.382	2.24426